1.69613   -0.70029
1.7105    360.083
1.72785   659.209
1.78744   1015.22
1.842     1211.35
1.89177   1311.86
1.95197   1379.19
2.00091   1401.93
2.05234   1404.56
2.09824   1394.02
2.14055   1377.87
2.18396   1348.69
2.23581   1312.36
2.2742    1279.74
2.31837   1245.39
2.36183   1203.47
2.41457   1155.73
2.45839   1116.91
2.5091    1070.63
2.57026   1015.19
2.68149   912.951
2.78824   821.749
2.88182   758.064
2.98895   681.938
3.11232   610.282
3.22653   541.149
3.3216    492.705
3.45511   436.579
3.54978   398.455
3.6908    352.102
3.79362   318.56
3.92333   285.718
4.07115   251.002
4.20884   224.896
4.35345   200.293
4.5045    175.907
4.67031   158.883
4.81308   142.839
4.91762   129.657
4.99391   124.384
