1.69613   -0.00070029
1.7105    0.360083
1.72785   0.659209
1.78744   1.01522
1.842     1.21135
1.89177   1.31186
1.95197   1.37919
2.00091   1.40193
2.05234   1.40456
2.09824   1.39402
2.14055   1.37787
2.18396   1.34869
2.23581   1.31236
2.2742    1.27974
2.31837   1.24539
2.36183   1.20347
2.41457   1.15573
2.45839   1.11691
2.5091    1.07063
2.57026   1.01519
2.68149   0.912951
2.78824   0.821749
2.88182   0.758064
2.98895   0.681938
3.11232   0.610282
3.22653   0.541149
3.3216    0.492705
3.45511   0.436579
3.54978   0.398455
3.6908    0.352102
3.79362   0.31856
3.92333   0.285718
4.07115   0.251002
4.20884   0.224896
4.35345   0.200293
4.5045    0.175907
4.67031   0.158883
4.81308   0.142839
4.91762   0.129657
4.99391   0.124384
